image_id,c,s,path,bg
img_000001,0.293045,0.023285,/content/covers_work/train/images/img_000001.jpg,0.68367
img_000002,0.332611,0.063126,/content/covers_work/train/images/img_000002.jpg,0.604263
img_000003,0.358002,0.05098,/content/covers_work/train/images/img_000003.jpg,0.591018
img_000004,0.365814,0.023575,/content/covers_work/train/images/img_000004.jpg,0.610611
img_000005,0.254517,0.0,/content/covers_work/train/images/img_000005.jpg,0.745483
img_000006,0.23349,0.151306,/content/covers_work/train/images/img_000006.jpg,0.6152040000000001
img_000007,0.393036,0.030258,/content/covers_work/train/images/img_000007.jpg,0.576706
img_000008,0.400574,0.0,/content/covers_work/train/images/img_000008.jpg,0.599426
img_000009,0.437256,0.019775,/content/covers_work/train/images/img_000009.jpg,0.542969
img_000010,0.353546,0.0,/content/covers_work/train/images/img_000010.jpg,0.646454
img_000011,0.490067,0.031906,/content/covers_work/train/images/img_000011.jpg,0.478027
img_000012,0.384537,0.044785,/content/covers_work/train/images/img_000012.jpg,0.570678
img_000013,0.302139,0.00766,/content/covers_work/train/images/img_000013.jpg,0.6902010000000001
img_000014,0.502121,0.023788,/content/covers_work/train/images/img_000014.jpg,0.474091
img_000015,0.415482,0.011597,/content/covers_work/train/images/img_000015.jpg,0.572921
img_000016,0.409943,0.0,/content/covers_work/train/images/img_000016.jpg,0.590057
img_000017,0.470245,0.063873,/content/covers_work/train/images/img_000017.jpg,0.46588199999999996
img_000018,0.39502,0.021591,/content/covers_work/train/images/img_000018.jpg,0.583389
img_000019,0.468506,0.0,/content/covers_work/train/images/img_000019.jpg,0.531494
img_000020,0.343506,0.053391,/content/covers_work/train/images/img_000020.jpg,0.6031030000000001
img_000021,0.25296,0.060837,/content/covers_work/train/images/img_000021.jpg,0.6862029999999999
img_000022,0.301147,0.044235,/content/covers_work/train/images/img_000022.jpg,0.6546179999999999
img_000023,0.431046,0.016068,/content/covers_work/train/images/img_000023.jpg,0.552886
img_000024,0.432755,0.071976,/content/covers_work/train/images/img_000024.jpg,0.495269
img_000025,0.219833,0.052475,/content/covers_work/train/images/img_000025.jpg,0.727692
img_000026,0.352081,0.021027,/content/covers_work/train/images/img_000026.jpg,0.626892
img_000027,0.455032,0.023392,/content/covers_work/train/images/img_000027.jpg,0.521576
img_000028,0.325439,0.007751,/content/covers_work/train/images/img_000028.jpg,0.66681
img_000029,0.421356,0.081284,/content/covers_work/train/images/img_000029.jpg,0.4973599999999999
img_000030,0.467941,0.03067,/content/covers_work/train/images/img_000030.jpg,0.5013890000000001
img_000031,0.291229,0.053421,/content/covers_work/train/images/img_000031.jpg,0.65535
img_000032,0.465805,0.075195,/content/covers_work/train/images/img_000032.jpg,0.45899999999999996
img_000033,0.475784,0.038605,/content/covers_work/train/images/img_000033.jpg,0.485611
img_000034,0.394272,0.07164,/content/covers_work/train/images/img_000034.jpg,0.534088
img_000035,0.442551,0.036026,/content/covers_work/train/images/img_000035.jpg,0.521423
img_000036,0.382843,0.043091,/content/covers_work/train/images/img_000036.jpg,0.574066
img_000037,0.451721,0.014496,/content/covers_work/train/images/img_000037.jpg,0.533783
img_000038,0.254517,0.049728,/content/covers_work/train/images/img_000038.jpg,0.695755
img_000039,0.441742,0.002457,/content/covers_work/train/images/img_000039.jpg,0.5558009999999999
img_000040,0.500504,0.060959,/content/covers_work/train/images/img_000040.jpg,0.43853700000000007
img_000041,0.438034,0.038223,/content/covers_work/train/images/img_000041.jpg,0.523743
img_000042,0.50592,0.014725,/content/covers_work/train/images/img_000042.jpg,0.479355
img_000043,0.423141,0.020752,/content/covers_work/train/images/img_000043.jpg,0.556107
img_000044,0.23111,0.084732,/content/covers_work/train/images/img_000044.jpg,0.6841579999999999
img_000045,0.401779,0.081406,/content/covers_work/train/images/img_000045.jpg,0.516815
img_000046,0.443771,0.08403,/content/covers_work/train/images/img_000046.jpg,0.472199
img_000047,0.402084,0.0,/content/covers_work/train/images/img_000047.jpg,0.597916
img_000048,0.2715,0.075699,/content/covers_work/train/images/img_000048.jpg,0.652801
img_000049,0.361008,0.0,/content/covers_work/train/images/img_000049.jpg,0.638992
img_000050,0.258759,0.0681,/content/covers_work/train/images/img_000050.jpg,0.673141
img_000051,0.247528,0.044693,/content/covers_work/train/images/img_000051.jpg,0.707779
img_000052,0.397324,0.035187,/content/covers_work/train/images/img_000052.jpg,0.567489
img_000053,0.421906,0.014954,/content/covers_work/train/images/img_000053.jpg,0.56314
img_000054,0.424377,0.031143,/content/covers_work/train/images/img_000054.jpg,0.54448
img_000055,0.432007,0.0186,/content/covers_work/train/images/img_000055.jpg,0.549393
img_000056,0.363647,0.0,/content/covers_work/train/images/img_000056.jpg,0.636353
img_000057,0.332489,0.015671,/content/covers_work/train/images/img_000057.jpg,0.65184
img_000058,0.451691,0.094116,/content/covers_work/train/images/img_000058.jpg,0.45419299999999996
img_000059,0.495529,0.052277,/content/covers_work/train/images/img_000059.jpg,0.452194
img_000060,0.328918,0.022537,/content/covers_work/train/images/img_000060.jpg,0.6485449999999999
img_000061,0.37764,0.0,/content/covers_work/train/images/img_000061.jpg,0.62236
img_000062,0.223633,0.0,/content/covers_work/train/images/img_000062.jpg,0.776367
img_000063,0.474487,0.052521,/content/covers_work/train/images/img_000063.jpg,0.472992
img_000064,0.370697,0.038528,/content/covers_work/train/images/img_000064.jpg,0.5907749999999999
img_000065,0.370148,0.071884,/content/covers_work/train/images/img_000065.jpg,0.557968
img_000066,0.325409,0.0,/content/covers_work/train/images/img_000066.jpg,0.6745909999999999
img_000067,0.479996,0.053696,/content/covers_work/train/images/img_000067.jpg,0.466308
img_000068,0.477859,0.033096,/content/covers_work/train/images/img_000068.jpg,0.48904499999999995
img_000069,0.440308,0.050446,/content/covers_work/train/images/img_000069.jpg,0.5092460000000001
img_000070,0.275238,0.059555,/content/covers_work/train/images/img_000070.jpg,0.665207
img_000071,0.420883,0.018585,/content/covers_work/train/images/img_000071.jpg,0.560532
img_000072,0.234726,0.143814,/content/covers_work/train/images/img_000072.jpg,0.62146
img_000073,0.424728,0.039536,/content/covers_work/train/images/img_000073.jpg,0.535736
img_000074,0.44751,0.017746,/content/covers_work/train/images/img_000074.jpg,0.5347439999999999
img_000075,0.423447,0.015213,/content/covers_work/train/images/img_000075.jpg,0.56134
img_000076,0.284515,0.050964,/content/covers_work/train/images/img_000076.jpg,0.6645209999999999
img_000077,0.259857,0.051025,/content/covers_work/train/images/img_000077.jpg,0.689118
img_000078,0.512772,0.008728,/content/covers_work/train/images/img_000078.jpg,0.4785
img_000079,0.259903,0.089844,/content/covers_work/train/images/img_000079.jpg,0.650253
img_000080,0.280304,0.081635,/content/covers_work/train/images/img_000080.jpg,0.638061
img_000081,0.366119,0.0,/content/covers_work/train/images/img_000081.jpg,0.6338809999999999
img_000082,0.449905,0.043518,/content/covers_work/train/images/img_000082.jpg,0.506577
img_000083,0.466888,0.060257,/content/covers_work/train/images/img_000083.jpg,0.472855
img_000084,0.268204,0.034119,/content/covers_work/train/images/img_000084.jpg,0.697677
img_000085,0.386307,0.047943,/content/covers_work/train/images/img_000085.jpg,0.5657500000000001
img_000086,0.424469,0.0,/content/covers_work/train/images/img_000086.jpg,0.575531
img_000087,0.377319,0.041245,/content/covers_work/train/images/img_000087.jpg,0.5814360000000001
img_000088,0.36377,0.019791,/content/covers_work/train/images/img_000088.jpg,0.6164390000000001
img_000089,0.293762,0.0,/content/covers_work/train/images/img_000089.jpg,0.7062379999999999
img_000090,0.251556,0.047424,/content/covers_work/train/images/img_000090.jpg,0.70102
img_000091,0.445709,0.016983,/content/covers_work/train/images/img_000091.jpg,0.537308
img_000092,0.357101,0.01152,/content/covers_work/train/images/img_000092.jpg,0.631379
img_000093,0.225388,0.026901,/content/covers_work/train/images/img_000093.jpg,0.747711
img_000094,0.291794,0.007172,/content/covers_work/train/images/img_000094.jpg,0.701034
img_000095,0.31517,0.04512,/content/covers_work/train/images/img_000095.jpg,0.63971
img_000096,0.414963,0.014801,/content/covers_work/train/images/img_000096.jpg,0.5702360000000001
img_000097,0.265793,0.024796,/content/covers_work/train/images/img_000097.jpg,0.709411
img_000098,0.437836,0.040543,/content/covers_work/train/images/img_000098.jpg,0.521621
img_000099,0.417007,0.023773,/content/covers_work/train/images/img_000099.jpg,0.5592199999999999
img_000100,0.507812,0.03125,/content/covers_work/train/images/img_000100.jpg,0.46093799999999996
img_000101,0.387131,0.031189,/content/covers_work/train/images/img_000101.jpg,0.58168
img_000102,0.251541,0.022644,/content/covers_work/train/images/img_000102.jpg,0.725815
img_000103,0.324539,0.015305,/content/covers_work/train/images/img_000103.jpg,0.660156
img_000104,0.447449,0.008774,/content/covers_work/train/images/img_000104.jpg,0.5437770000000001
img_000105,0.298218,0.059601,/content/covers_work/train/images/img_000105.jpg,0.642181
img_000106,0.335724,0.039948,/content/covers_work/train/images/img_000106.jpg,0.624328
img_000107,0.402634,0.0,/content/covers_work/train/images/img_000107.jpg,0.5973660000000001
img_000108,0.397354,0.025528,/content/covers_work/train/images/img_000108.jpg,0.577118
img_000109,0.376526,0.05098,/content/covers_work/train/images/img_000109.jpg,0.572494
img_000110,0.246918,0.011475,/content/covers_work/train/images/img_000110.jpg,0.741607
img_000111,0.431686,0.018021,/content/covers_work/train/images/img_000111.jpg,0.550293
img_000112,0.377106,0.05043,/content/covers_work/train/images/img_000112.jpg,0.5724640000000001
img_000113,0.472137,0.001572,/content/covers_work/train/images/img_000113.jpg,0.526291
img_000114,0.42012,0.049454,/content/covers_work/train/images/img_000114.jpg,0.530426
img_000115,0.292175,0.0,/content/covers_work/train/images/img_000115.jpg,0.7078249999999999
img_000116,0.31041,0.009384,/content/covers_work/train/images/img_000116.jpg,0.680206
img_000117,0.353729,0.037613,/content/covers_work/train/images/img_000117.jpg,0.608658
img_000118,0.377121,0.059326,/content/covers_work/train/images/img_000118.jpg,0.563553
img_000119,0.439743,0.027802,/content/covers_work/train/images/img_000119.jpg,0.532455
img_000120,0.483902,0.010773,/content/covers_work/train/images/img_000120.jpg,0.5053249999999999
img_000121,0.371399,0.035568,/content/covers_work/train/images/img_000121.jpg,0.5930329999999999
img_000122,0.536133,0.010513,/content/covers_work/train/images/img_000122.jpg,0.45335400000000003
img_000123,0.417969,0.064819,/content/covers_work/train/images/img_000123.jpg,0.517212
img_000124,0.487488,0.019684,/content/covers_work/train/images/img_000124.jpg,0.4928280000000001
img_000125,0.406174,0.024689,/content/covers_work/train/images/img_000125.jpg,0.569137
img_000126,0.231812,0.0,/content/covers_work/train/images/img_000126.jpg,0.768188
img_000127,0.40802,0.02861,/content/covers_work/train/images/img_000127.jpg,0.5633699999999999
img_000128,0.322311,0.056381,/content/covers_work/train/images/img_000128.jpg,0.621308
img_000129,0.188599,0.038162,/content/covers_work/train/images/img_000129.jpg,0.773239
img_000130,0.447861,0.026886,/content/covers_work/train/images/img_000130.jpg,0.525253
img_000131,0.323456,0.07196,/content/covers_work/train/images/img_000131.jpg,0.604584
img_000132,0.243378,0.0,/content/covers_work/train/images/img_000132.jpg,0.756622
img_000133,0.445343,0.053024,/content/covers_work/train/images/img_000133.jpg,0.501633
img_000134,0.287033,0.037476,/content/covers_work/train/images/img_000134.jpg,0.6754910000000001
img_000135,0.439789,0.030334,/content/covers_work/train/images/img_000135.jpg,0.529877
img_000136,0.237839,0.049438,/content/covers_work/train/images/img_000136.jpg,0.712723
img_000137,0.371063,0.073547,/content/covers_work/train/images/img_000137.jpg,0.55539
img_000138,0.356583,0.029404,/content/covers_work/train/images/img_000138.jpg,0.614013
img_000139,0.519653,0.0,/content/covers_work/train/images/img_000139.jpg,0.48034699999999997
img_000140,0.355698,0.026672,/content/covers_work/train/images/img_000140.jpg,0.6176299999999999
img_000141,0.341721,0.010742,/content/covers_work/train/images/img_000141.jpg,0.647537
img_000142,0.271805,0.073776,/content/covers_work/train/images/img_000142.jpg,0.654419
img_000143,0.30484,0.032944,/content/covers_work/train/images/img_000143.jpg,0.662216
img_000144,0.290024,0.0,/content/covers_work/train/images/img_000144.jpg,0.7099759999999999
img_000145,0.317474,0.090958,/content/covers_work/train/images/img_000145.jpg,0.591568
img_000146,0.220917,0.00383,/content/covers_work/train/images/img_000146.jpg,0.775253
img_000147,0.36673,0.032089,/content/covers_work/train/images/img_000147.jpg,0.601181
img_000148,0.328415,0.040558,/content/covers_work/train/images/img_000148.jpg,0.631027
img_000149,0.340958,0.024078,/content/covers_work/train/images/img_000149.jpg,0.634964
img_000150,0.237564,0.014786,/content/covers_work/train/images/img_000150.jpg,0.74765
img_000151,0.419632,0.018036,/content/covers_work/train/images/img_000151.jpg,0.5623319999999999
img_000152,0.44223,0.009552,/content/covers_work/train/images/img_000152.jpg,0.548218
img_000153,0.375885,0.076569,/content/covers_work/train/images/img_000153.jpg,0.547546
img_000154,0.395844,0.029846,/content/covers_work/train/images/img_000154.jpg,0.57431
img_000155,0.438843,0.011322,/content/covers_work/train/images/img_000155.jpg,0.549835
img_000156,0.268875,0.021988,/content/covers_work/train/images/img_000156.jpg,0.709137
img_000157,0.288559,0.092728,/content/covers_work/train/images/img_000157.jpg,0.618713
img_000158,0.448822,0.047852,/content/covers_work/train/images/img_000158.jpg,0.5033259999999999
img_000159,0.295013,0.031448,/content/covers_work/train/images/img_000159.jpg,0.673539
img_000160,0.437714,0.0,/content/covers_work/train/images/img_000160.jpg,0.5622860000000001
img_000161,0.27626,0.037766,/content/covers_work/train/images/img_000161.jpg,0.6859740000000001
img_000162,0.29599,0.082901,/content/covers_work/train/images/img_000162.jpg,0.621109
img_000163,0.30162,0.085648,/content/covers_work/train/images/img_000163.jpg,0.612732
img_000164,0.233292,0.020401,/content/covers_work/train/images/img_000164.jpg,0.7463069999999999
img_000165,0.430313,0.055893,/content/covers_work/train/images/img_000165.jpg,0.5137940000000001
img_000166,0.347275,0.0,/content/covers_work/train/images/img_000166.jpg,0.652725
img_000167,0.413696,0.028931,/content/covers_work/train/images/img_000167.jpg,0.5573729999999999
img_000168,0.48291,0.019424,/content/covers_work/train/images/img_000168.jpg,0.49766600000000005
img_000169,0.361267,0.033768,/content/covers_work/train/images/img_000169.jpg,0.604965
img_000170,0.408554,0.078323,/content/covers_work/train/images/img_000170.jpg,0.513123
img_000171,0.315491,0.027344,/content/covers_work/train/images/img_000171.jpg,0.657165
img_000172,0.288818,0.079437,/content/covers_work/train/images/img_000172.jpg,0.631745
img_000173,0.475403,0.063385,/content/covers_work/train/images/img_000173.jpg,0.46121199999999996
img_000174,0.24791,0.054932,/content/covers_work/train/images/img_000174.jpg,0.697158
img_000175,0.475174,0.008926,/content/covers_work/train/images/img_000175.jpg,0.5159
img_000176,0.243912,0.033997,/content/covers_work/train/images/img_000176.jpg,0.722091
img_000177,0.394455,0.089325,/content/covers_work/train/images/img_000177.jpg,0.51622
img_000178,0.371353,0.047836,/content/covers_work/train/images/img_000178.jpg,0.580811
img_000179,0.205444,0.022659,/content/covers_work/train/images/img_000179.jpg,0.771897
img_000180,0.460556,0.017868,/content/covers_work/train/images/img_000180.jpg,0.521576
img_000181,0.336685,0.044525,/content/covers_work/train/images/img_000181.jpg,0.61879
img_000182,0.420456,0.031464,/content/covers_work/train/images/img_000182.jpg,0.54808
img_000183,0.365402,0.035339,/content/covers_work/train/images/img_000183.jpg,0.599259
img_000184,0.435791,0.021408,/content/covers_work/train/images/img_000184.jpg,0.542801
img_000185,0.421631,0.0168,/content/covers_work/train/images/img_000185.jpg,0.561569
img_000186,0.297119,0.030975,/content/covers_work/train/images/img_000186.jpg,0.671906
img_000187,0.349701,0.049179,/content/covers_work/train/images/img_000187.jpg,0.60112
img_000188,0.418365,0.021866,/content/covers_work/train/images/img_000188.jpg,0.559769
img_000189,0.315552,0.011017,/content/covers_work/train/images/img_000189.jpg,0.6734309999999999
img_000190,0.41713,0.02887,/content/covers_work/train/images/img_000190.jpg,0.554
img_000191,0.333023,0.035965,/content/covers_work/train/images/img_000191.jpg,0.6310119999999999
img_000192,0.447037,0.047089,/content/covers_work/train/images/img_000192.jpg,0.5058739999999999
img_000193,0.28479,0.06781,/content/covers_work/train/images/img_000193.jpg,0.6474
img_000194,0.322754,0.027527,/content/covers_work/train/images/img_000194.jpg,0.649719
img_000195,0.381607,0.0,/content/covers_work/train/images/img_000195.jpg,0.618393
img_000196,0.324539,0.06456,/content/covers_work/train/images/img_000196.jpg,0.6109009999999999
img_000197,0.289886,0.044373,/content/covers_work/train/images/img_000197.jpg,0.665741
img_000198,0.243225,0.028351,/content/covers_work/train/images/img_000198.jpg,0.728424
img_000199,0.210648,0.044601,/content/covers_work/train/images/img_000199.jpg,0.744751
img_000200,0.321548,0.039764,/content/covers_work/train/images/img_000200.jpg,0.638688
img_000201,0.412506,0.026428,/content/covers_work/train/images/img_000201.jpg,0.561066
img_000202,0.347397,0.075989,/content/covers_work/train/images/img_000202.jpg,0.5766140000000001
img_000203,0.342194,0.086441,/content/covers_work/train/images/img_000203.jpg,0.571365
img_000204,0.363998,0.002686,/content/covers_work/train/images/img_000204.jpg,0.633316
img_000205,0.471069,0.043076,/content/covers_work/train/images/img_000205.jpg,0.48585500000000004
img_000206,0.266403,0.080688,/content/covers_work/train/images/img_000206.jpg,0.6529090000000001
img_000207,0.36087,0.046143,/content/covers_work/train/images/img_000207.jpg,0.5929869999999999
img_000208,0.397522,0.069946,/content/covers_work/train/images/img_000208.jpg,0.5325320000000001
img_000209,0.442413,0.0,/content/covers_work/train/images/img_000209.jpg,0.557587
img_000210,0.353012,0.056488,/content/covers_work/train/images/img_000210.jpg,0.5905
img_000211,0.431824,0.042892,/content/covers_work/train/images/img_000211.jpg,0.525284
img_000212,0.475235,0.028275,/content/covers_work/train/images/img_000212.jpg,0.49648999999999993
img_000213,0.506409,0.016998,/content/covers_work/train/images/img_000213.jpg,0.476593
img_000214,0.439377,0.028412,/content/covers_work/train/images/img_000214.jpg,0.532211
img_000215,0.481842,0.093567,/content/covers_work/train/images/img_000215.jpg,0.424591
img_000216,0.385147,0.029572,/content/covers_work/train/images/img_000216.jpg,0.5852809999999999
img_000217,0.312241,0.023666,/content/covers_work/train/images/img_000217.jpg,0.664093
img_000218,0.286484,0.011429,/content/covers_work/train/images/img_000218.jpg,0.702087
img_000219,0.510132,0.062531,/content/covers_work/train/images/img_000219.jpg,0.42733699999999997
img_000220,0.313858,0.02916,/content/covers_work/train/images/img_000220.jpg,0.6569820000000001
img_000221,0.422791,0.041794,/content/covers_work/train/images/img_000221.jpg,0.5354150000000001
img_000222,0.218552,0.068832,/content/covers_work/train/images/img_000222.jpg,0.712616
img_000223,0.376572,0.067734,/content/covers_work/train/images/img_000223.jpg,0.555694
img_000224,0.27298,0.0,/content/covers_work/train/images/img_000224.jpg,0.72702
img_000225,0.347458,0.02182,/content/covers_work/train/images/img_000225.jpg,0.630722
img_000226,0.245239,0.057892,/content/covers_work/train/images/img_000226.jpg,0.696869
img_000227,0.501251,0.019455,/content/covers_work/train/images/img_000227.jpg,0.479294
img_000228,0.21991,0.122513,/content/covers_work/train/images/img_000228.jpg,0.657577
img_000229,0.255386,0.078476,/content/covers_work/train/images/img_000229.jpg,0.666138
img_000230,0.352951,0.103882,/content/covers_work/train/images/img_000230.jpg,0.543167
img_000231,0.471725,0.031708,/content/covers_work/train/images/img_000231.jpg,0.49656700000000004
img_000232,0.497757,0.026566,/content/covers_work/train/images/img_000232.jpg,0.475677
img_000233,0.434235,0.021835,/content/covers_work/train/images/img_000233.jpg,0.54393
img_000234,0.401459,0.020905,/content/covers_work/train/images/img_000234.jpg,0.577636
img_000235,0.378036,0.053207,/content/covers_work/train/images/img_000235.jpg,0.568757
img_000236,0.492722,0.025665,/content/covers_work/train/images/img_000236.jpg,0.481613
img_000237,0.38269,0.0,/content/covers_work/train/images/img_000237.jpg,0.61731
img_000238,0.473679,0.023972,/content/covers_work/train/images/img_000238.jpg,0.502349
img_000239,0.246552,0.042145,/content/covers_work/train/images/img_000239.jpg,0.711303
img_000240,0.308899,0.061371,/content/covers_work/train/images/img_000240.jpg,0.62973
img_000241,0.504471,0.030457,/content/covers_work/train/images/img_000241.jpg,0.465072
img_000242,0.242157,0.017136,/content/covers_work/train/images/img_000242.jpg,0.740707
img_000243,0.425674,0.017685,/content/covers_work/train/images/img_000243.jpg,0.556641
img_000244,0.417007,0.009872,/content/covers_work/train/images/img_000244.jpg,0.573121
img_000245,0.436142,0.027863,/content/covers_work/train/images/img_000245.jpg,0.535995
img_000246,0.434143,0.063171,/content/covers_work/train/images/img_000246.jpg,0.5026860000000001
img_000247,0.367264,0.022491,/content/covers_work/train/images/img_000247.jpg,0.6102449999999999
img_000248,0.440887,0.028152,/content/covers_work/train/images/img_000248.jpg,0.530961
img_000249,0.385178,0.008728,/content/covers_work/train/images/img_000249.jpg,0.606094
img_000250,0.456833,0.028824,/content/covers_work/train/images/img_000250.jpg,0.514343
img_000251,0.222183,0.02005,/content/covers_work/train/images/img_000251.jpg,0.757767
img_000252,0.38385,0.025726,/content/covers_work/train/images/img_000252.jpg,0.590424
img_000253,0.443314,0.055176,/content/covers_work/train/images/img_000253.jpg,0.50151
img_000254,0.425034,0.037033,/content/covers_work/train/images/img_000254.jpg,0.537933
img_000255,0.292511,0.010544,/content/covers_work/train/images/img_000255.jpg,0.696945
img_000256,0.241043,0.055893,/content/covers_work/train/images/img_000256.jpg,0.703064
img_000257,0.356705,0.0,/content/covers_work/train/images/img_000257.jpg,0.643295
img_000258,0.449371,0.042755,/content/covers_work/train/images/img_000258.jpg,0.507874
img_000259,0.476135,0.008957,/content/covers_work/train/images/img_000259.jpg,0.514908
img_000260,0.291794,0.025269,/content/covers_work/train/images/img_000260.jpg,0.682937
img_000261,0.419464,0.024857,/content/covers_work/train/images/img_000261.jpg,0.5556789999999999
img_000262,0.276093,0.111374,/content/covers_work/train/images/img_000262.jpg,0.6125330000000001
img_000263,0.426758,0.041733,/content/covers_work/train/images/img_000263.jpg,0.531509
img_000264,0.401993,0.086563,/content/covers_work/train/images/img_000264.jpg,0.511444
img_000265,0.469009,0.06929,/content/covers_work/train/images/img_000265.jpg,0.461701
img_000266,0.389328,0.10881,/content/covers_work/train/images/img_000266.jpg,0.501862
img_000267,0.478928,0.020432,/content/covers_work/train/images/img_000267.jpg,0.50064
img_000268,0.475876,0.004272,/content/covers_work/train/images/img_000268.jpg,0.519852
img_000269,0.445587,0.031143,/content/covers_work/train/images/img_000269.jpg,0.52327
img_000270,0.241241,0.083084,/content/covers_work/train/images/img_000270.jpg,0.6756749999999999
img_000271,0.228134,0.100266,/content/covers_work/train/images/img_000271.jpg,0.6716
img_000272,0.23967,0.044678,/content/covers_work/train/images/img_000272.jpg,0.715652
img_000273,0.38002,0.056473,/content/covers_work/train/images/img_000273.jpg,0.563507
img_000274,0.46228,0.021271,/content/covers_work/train/images/img_000274.jpg,0.5164489999999999
img_000275,0.216156,0.052658,/content/covers_work/train/images/img_000275.jpg,0.731186
img_000276,0.465698,0.034729,/content/covers_work/train/images/img_000276.jpg,0.49957300000000004
img_000277,0.428986,0.0,/content/covers_work/train/images/img_000277.jpg,0.571014
img_000278,0.422485,0.019089,/content/covers_work/train/images/img_000278.jpg,0.558426
img_000279,0.441635,0.030899,/content/covers_work/train/images/img_000279.jpg,0.527466
img_000280,0.508972,0.003052,/content/covers_work/train/images/img_000280.jpg,0.487976
img_000281,0.46434,0.036591,/content/covers_work/train/images/img_000281.jpg,0.49906900000000004
img_000282,0.407394,0.014145,/content/covers_work/train/images/img_000282.jpg,0.578461
img_000283,0.359863,0.013138,/content/covers_work/train/images/img_000283.jpg,0.626999
img_000284,0.405426,0.069458,/content/covers_work/train/images/img_000284.jpg,0.5251159999999999
img_000285,0.446579,0.031433,/content/covers_work/train/images/img_000285.jpg,0.5219879999999999
img_000286,0.491455,0.036331,/content/covers_work/train/images/img_000286.jpg,0.472214
img_000287,0.5298,0.011688,/content/covers_work/train/images/img_000287.jpg,0.458512
img_000288,0.246857,0.070251,/content/covers_work/train/images/img_000288.jpg,0.682892
img_000289,0.37822,0.044357,/content/covers_work/train/images/img_000289.jpg,0.577423
img_000290,0.229584,0.013794,/content/covers_work/train/images/img_000290.jpg,0.756622
img_000291,0.258835,0.031509,/content/covers_work/train/images/img_000291.jpg,0.7096560000000001
img_000292,0.436111,0.022186,/content/covers_work/train/images/img_000292.jpg,0.5417029999999999
img_000293,0.389435,0.01207,/content/covers_work/train/images/img_000293.jpg,0.598495
img_000294,0.345749,0.087982,/content/covers_work/train/images/img_000294.jpg,0.566269
img_000295,0.340546,0.039078,/content/covers_work/train/images/img_000295.jpg,0.620376
img_000296,0.268066,0.0,/content/covers_work/train/images/img_000296.jpg,0.731934
img_000297,0.352676,0.020233,/content/covers_work/train/images/img_000297.jpg,0.6270910000000001
img_000298,0.373367,0.0,/content/covers_work/train/images/img_000298.jpg,0.626633
img_000299,0.507126,0.0,/content/covers_work/train/images/img_000299.jpg,0.49287400000000003
img_000300,0.456726,0.029633,/content/covers_work/train/images/img_000300.jpg,0.513641
img_000301,0.223709,0.087738,/content/covers_work/train/images/img_000301.jpg,0.6885530000000001
img_000302,0.419968,0.0327,/content/covers_work/train/images/img_000302.jpg,0.547332
img_000303,0.495529,0.039185,/content/covers_work/train/images/img_000303.jpg,0.465286
img_000304,0.37912,0.037308,/content/covers_work/train/images/img_000304.jpg,0.583572
img_000305,0.258133,0.099487,/content/covers_work/train/images/img_000305.jpg,0.6423800000000001
img_000306,0.366943,0.006409,/content/covers_work/train/images/img_000306.jpg,0.626648
img_000307,0.31282,0.034302,/content/covers_work/train/images/img_000307.jpg,0.6528780000000001
img_000308,0.4534,0.032867,/content/covers_work/train/images/img_000308.jpg,0.513733
img_000309,0.367981,0.0448,/content/covers_work/train/images/img_000309.jpg,0.587219
img_000310,0.423706,0.066422,/content/covers_work/train/images/img_000310.jpg,0.509872
img_000311,0.291138,0.0,/content/covers_work/train/images/img_000311.jpg,0.708862
img_000312,0.292953,0.030411,/content/covers_work/train/images/img_000312.jpg,0.676636
img_000313,0.408722,0.037811,/content/covers_work/train/images/img_000313.jpg,0.5534669999999999
img_000314,0.344604,0.038651,/content/covers_work/train/images/img_000314.jpg,0.616745
img_000315,0.324249,0.014832,/content/covers_work/train/images/img_000315.jpg,0.660919
img_000316,0.461304,0.066956,/content/covers_work/train/images/img_000316.jpg,0.47174000000000005
img_000317,0.308533,0.072525,/content/covers_work/train/images/img_000317.jpg,0.6189420000000001
img_000318,0.378876,0.047165,/content/covers_work/train/images/img_000318.jpg,0.573959
img_000319,0.406433,0.058304,/content/covers_work/train/images/img_000319.jpg,0.5352629999999999
img_000320,0.437256,0.080612,/content/covers_work/train/images/img_000320.jpg,0.482132
img_000321,0.274689,0.019791,/content/covers_work/train/images/img_000321.jpg,0.70552
img_000322,0.306442,0.035049,/content/covers_work/train/images/img_000322.jpg,0.658509
img_000323,0.41748,0.0,/content/covers_work/train/images/img_000323.jpg,0.5825199999999999
img_000324,0.219299,0.074234,/content/covers_work/train/images/img_000324.jpg,0.706467
img_000325,0.464706,0.011642,/content/covers_work/train/images/img_000325.jpg,0.5236519999999999
img_000326,0.454742,0.040787,/content/covers_work/train/images/img_000326.jpg,0.504471
img_000327,0.244339,0.067352,/content/covers_work/train/images/img_000327.jpg,0.6883090000000001
img_000328,0.360626,0.008484,/content/covers_work/train/images/img_000328.jpg,0.63089
img_000329,0.489914,0.045151,/content/covers_work/train/images/img_000329.jpg,0.46493500000000004
img_000330,0.376526,0.038773,/content/covers_work/train/images/img_000330.jpg,0.5847009999999999
img_000331,0.433655,0.012421,/content/covers_work/train/images/img_000331.jpg,0.553924
img_000332,0.485168,0.047134,/content/covers_work/train/images/img_000332.jpg,0.46769799999999995
img_000333,0.430084,0.044678,/content/covers_work/train/images/img_000333.jpg,0.525238
img_000334,0.300995,0.053131,/content/covers_work/train/images/img_000334.jpg,0.645874
img_000335,0.359375,0.007492,/content/covers_work/train/images/img_000335.jpg,0.633133
img_000336,0.339203,0.010773,/content/covers_work/train/images/img_000336.jpg,0.650024
img_000337,0.423355,0.013489,/content/covers_work/train/images/img_000337.jpg,0.5631560000000001
img_000338,0.449448,0.004181,/content/covers_work/train/images/img_000338.jpg,0.5463709999999999
img_000339,0.342804,0.062836,/content/covers_work/train/images/img_000339.jpg,0.59436
img_000340,0.271179,0.065598,/content/covers_work/train/images/img_000340.jpg,0.6632229999999999
img_000341,0.481766,0.017242,/content/covers_work/train/images/img_000341.jpg,0.500992
img_000342,0.364182,0.0,/content/covers_work/train/images/img_000342.jpg,0.635818
img_000343,0.417664,0.045517,/content/covers_work/train/images/img_000343.jpg,0.5368189999999999
img_000344,0.415787,0.028625,/content/covers_work/train/images/img_000344.jpg,0.555588
img_000345,0.347763,0.023666,/content/covers_work/train/images/img_000345.jpg,0.628571
img_000346,0.264832,0.036911,/content/covers_work/train/images/img_000346.jpg,0.698257
img_000347,0.277969,0.059784,/content/covers_work/train/images/img_000347.jpg,0.662247
img_000348,0.352661,0.043625,/content/covers_work/train/images/img_000348.jpg,0.603714
img_000349,0.417236,0.077774,/content/covers_work/train/images/img_000349.jpg,0.50499
img_000350,0.211975,0.05043,/content/covers_work/train/images/img_000350.jpg,0.737595
img_000351,0.265945,0.087112,/content/covers_work/train/images/img_000351.jpg,0.646943
img_000352,0.32663,0.028946,/content/covers_work/train/images/img_000352.jpg,0.644424
img_000353,0.33197,0.061417,/content/covers_work/train/images/img_000353.jpg,0.6066130000000001
img_000354,0.409042,0.015991,/content/covers_work/train/images/img_000354.jpg,0.574967
img_000355,0.319199,0.041916,/content/covers_work/train/images/img_000355.jpg,0.638885
img_000356,0.443115,0.004761,/content/covers_work/train/images/img_000356.jpg,0.5521240000000001
img_000357,0.449097,0.045547,/content/covers_work/train/images/img_000357.jpg,0.5053559999999999
img_000358,0.265594,0.033081,/content/covers_work/train/images/img_000358.jpg,0.701325
img_000359,0.37854,0.021683,/content/covers_work/train/images/img_000359.jpg,0.599777
img_000360,0.250687,0.051697,/content/covers_work/train/images/img_000360.jpg,0.697616
img_000361,0.306656,0.031601,/content/covers_work/train/images/img_000361.jpg,0.661743
img_000362,0.455948,0.017487,/content/covers_work/train/images/img_000362.jpg,0.526565
img_000363,0.409042,0.027771,/content/covers_work/train/images/img_000363.jpg,0.563187
img_000364,0.289566,0.069275,/content/covers_work/train/images/img_000364.jpg,0.641159
img_000365,0.292679,0.037872,/content/covers_work/train/images/img_000365.jpg,0.669449
img_000366,0.444611,0.016769,/content/covers_work/train/images/img_000366.jpg,0.53862
img_000367,0.389236,0.039154,/content/covers_work/train/images/img_000367.jpg,0.57161
img_000368,0.392441,0.028259,/content/covers_work/train/images/img_000368.jpg,0.5792999999999999
img_000369,0.399261,0.028046,/content/covers_work/train/images/img_000369.jpg,0.572693
img_000370,0.309021,0.0,/content/covers_work/train/images/img_000370.jpg,0.690979
img_000371,0.216095,0.041443,/content/covers_work/train/images/img_000371.jpg,0.742462
img_000372,0.245514,0.0,/content/covers_work/train/images/img_000372.jpg,0.754486
img_000373,0.387146,0.086212,/content/covers_work/train/images/img_000373.jpg,0.526642
img_000374,0.351654,0.023758,/content/covers_work/train/images/img_000374.jpg,0.6245879999999999
img_000375,0.428894,0.050201,/content/covers_work/train/images/img_000375.jpg,0.520905
img_000376,0.269089,0.047974,/content/covers_work/train/images/img_000376.jpg,0.682937
img_000377,0.325714,0.071014,/content/covers_work/train/images/img_000377.jpg,0.6032719999999999
img_000378,0.463562,0.045471,/content/covers_work/train/images/img_000378.jpg,0.490967
img_000379,0.418335,0.057404,/content/covers_work/train/images/img_000379.jpg,0.524261
img_000380,0.397263,0.027267,/content/covers_work/train/images/img_000380.jpg,0.57547
img_000381,0.326218,0.039597,/content/covers_work/train/images/img_000381.jpg,0.634185
img_000382,0.223404,0.017319,/content/covers_work/train/images/img_000382.jpg,0.7592770000000001
img_000383,0.334488,0.061005,/content/covers_work/train/images/img_000383.jpg,0.604507
img_000384,0.267853,0.083755,/content/covers_work/train/images/img_000384.jpg,0.648392
img_000385,0.277298,0.043625,/content/covers_work/train/images/img_000385.jpg,0.6790769999999999
img_000386,0.409607,0.045837,/content/covers_work/train/images/img_000386.jpg,0.5445559999999999
img_000387,0.416,0.075638,/content/covers_work/train/images/img_000387.jpg,0.5083620000000001
img_000388,0.204254,0.0513,/content/covers_work/train/images/img_000388.jpg,0.744446
img_000389,0.191147,0.036255,/content/covers_work/train/images/img_000389.jpg,0.772598
img_000390,0.28392,0.053543,/content/covers_work/train/images/img_000390.jpg,0.662537
img_000391,0.207809,0.0,/content/covers_work/train/images/img_000391.jpg,0.792191
img_000392,0.528671,0.021744,/content/covers_work/train/images/img_000392.jpg,0.449585
img_000393,0.281876,0.041626,/content/covers_work/train/images/img_000393.jpg,0.6764979999999999
img_000394,0.28244,0.068741,/content/covers_work/train/images/img_000394.jpg,0.648819
img_000395,0.42363,0.078705,/content/covers_work/train/images/img_000395.jpg,0.497665
img_000396,0.334808,0.05777,/content/covers_work/train/images/img_000396.jpg,0.607422
img_000397,0.254837,0.014771,/content/covers_work/train/images/img_000397.jpg,0.730392
img_000398,0.460251,0.034439,/content/covers_work/train/images/img_000398.jpg,0.50531
img_000399,0.421875,0.054016,/content/covers_work/train/images/img_000399.jpg,0.524109
img_000400,0.394348,0.094055,/content/covers_work/train/images/img_000400.jpg,0.5115970000000001
img_000401,0.509079,0.026047,/content/covers_work/train/images/img_000401.jpg,0.46487400000000006
img_000402,0.330551,0.0336,/content/covers_work/train/images/img_000402.jpg,0.635849
img_000403,0.488693,0.027527,/content/covers_work/train/images/img_000403.jpg,0.48377999999999993
img_000404,0.343124,0.051895,/content/covers_work/train/images/img_000404.jpg,0.604981
img_000405,0.36647,0.066376,/content/covers_work/train/images/img_000405.jpg,0.5671539999999999
img_000406,0.22551,0.033981,/content/covers_work/train/images/img_000406.jpg,0.740509
img_000407,0.3685,0.051376,/content/covers_work/train/images/img_000407.jpg,0.580124
img_000408,0.506775,0.028214,/content/covers_work/train/images/img_000408.jpg,0.465011
img_000409,0.348236,0.038071,/content/covers_work/train/images/img_000409.jpg,0.613693
img_000410,0.37059,0.020111,/content/covers_work/train/images/img_000410.jpg,0.609299
img_000411,0.231873,0.072891,/content/covers_work/train/images/img_000411.jpg,0.695236
img_000412,0.279388,0.067581,/content/covers_work/train/images/img_000412.jpg,0.653031
img_000413,0.491531,0.008286,/content/covers_work/train/images/img_000413.jpg,0.500183
img_000414,0.366272,0.03215,/content/covers_work/train/images/img_000414.jpg,0.6015780000000001
img_000415,0.45282,0.029602,/content/covers_work/train/images/img_000415.jpg,0.517578
img_000416,0.426453,0.016434,/content/covers_work/train/images/img_000416.jpg,0.5571130000000001
img_000417,0.304382,0.076187,/content/covers_work/train/images/img_000417.jpg,0.6194310000000001
img_000418,0.492004,0.03392,/content/covers_work/train/images/img_000418.jpg,0.474076
img_000419,0.237091,0.093063,/content/covers_work/train/images/img_000419.jpg,0.669846
img_000420,0.341797,0.009232,/content/covers_work/train/images/img_000420.jpg,0.648971
img_000421,0.455795,0.055908,/content/covers_work/train/images/img_000421.jpg,0.48829700000000004
img_000422,0.265503,0.049759,/content/covers_work/train/images/img_000422.jpg,0.684738
img_000423,0.353348,0.046722,/content/covers_work/train/images/img_000423.jpg,0.59993
img_000424,0.422867,0.026764,/content/covers_work/train/images/img_000424.jpg,0.550369
img_000425,0.400833,0.043869,/content/covers_work/train/images/img_000425.jpg,0.555298
img_000426,0.313477,0.051132,/content/covers_work/train/images/img_000426.jpg,0.635391
img_000427,0.338379,0.012085,/content/covers_work/train/images/img_000427.jpg,0.649536
img_000428,0.295746,0.010971,/content/covers_work/train/images/img_000428.jpg,0.693283
img_000429,0.400024,0.035568,/content/covers_work/train/images/img_000429.jpg,0.564408
img_000430,0.438583,0.014709,/content/covers_work/train/images/img_000430.jpg,0.5467080000000001
img_000431,0.319061,0.051804,/content/covers_work/train/images/img_000431.jpg,0.629135
img_000432,0.254379,0.015182,/content/covers_work/train/images/img_000432.jpg,0.730439
img_000433,0.459015,0.033264,/content/covers_work/train/images/img_000433.jpg,0.5077210000000001
img_000434,0.224121,0.0,/content/covers_work/train/images/img_000434.jpg,0.775879
img_000435,0.292038,0.022781,/content/covers_work/train/images/img_000435.jpg,0.6851809999999999
img_000436,0.230927,0.073715,/content/covers_work/train/images/img_000436.jpg,0.695358
img_000437,0.363022,0.094528,/content/covers_work/train/images/img_000437.jpg,0.5424500000000001
img_000438,0.519623,0.019592,/content/covers_work/train/images/img_000438.jpg,0.46078500000000006
img_000439,0.478043,0.035965,/content/covers_work/train/images/img_000439.jpg,0.485992
img_000440,0.233841,0.050385,/content/covers_work/train/images/img_000440.jpg,0.715774
img_000441,0.40097,0.052521,/content/covers_work/train/images/img_000441.jpg,0.5465089999999999
img_000442,0.465454,0.046082,/content/covers_work/train/images/img_000442.jpg,0.48846399999999995
img_000443,0.498459,0.006607,/content/covers_work/train/images/img_000443.jpg,0.49493400000000004
img_000444,0.379181,0.028336,/content/covers_work/train/images/img_000444.jpg,0.592483
img_000445,0.317078,0.09285,/content/covers_work/train/images/img_000445.jpg,0.590072
img_000446,0.413834,0.031525,/content/covers_work/train/images/img_000446.jpg,0.5546409999999999
img_000447,0.430557,0.070557,/content/covers_work/train/images/img_000447.jpg,0.49888599999999994
img_000448,0.228607,0.094086,/content/covers_work/train/images/img_000448.jpg,0.677307
